Induced Coil Voltages at Rated Speed
Electric Degree
(Volts)
0	0.000000
1	-0.002017
2	-0.004046
3	-0.006101
4	-0.008196
5	-0.010343
6	-0.012559
7	-0.014858
8	-0.017259
9	-0.019781
10	-0.022448
11	-0.025285
12	-0.028327
13	-0.031612
14	-0.035191
15	-0.039125
16	-0.043490
17	-0.048377
18	-0.053891
19	-0.060151
20	-0.067274
21	-0.075358
22	-0.084458
23	-0.094548
24	-0.105497
25	-0.117053
26	-0.128859
27	-0.140502
28	-0.151576
29	-0.161751
30	-0.170812
31	-0.178667
32	-0.185331
33	-0.190892
34	-0.195478
35	-0.199231
36	-0.202291
37	-0.204782
38	-0.206812
39	-0.208470
40	-0.209829
41	-0.210947
42	-0.211872
43	-0.212641
44	-0.213282
45	-0.213820
46	-0.214273
47	-0.214657
48	-0.214982
49	-0.215260
50	-0.215497
51	-0.215701
52	-0.215877
53	-0.216028
54	-0.216159
55	-0.216273
56	-0.216372
57	-0.216459
58	-0.216534
59	-0.216600
60	-0.216658
61	-0.216709
62	-0.216754
63	-0.216794
64	-0.216829
65	-0.216860
66	-0.216888
67	-0.216912
68	-0.216934
69	-0.216953
70	-0.216971
71	-0.216986
72	-0.217000
73	-0.217013
74	-0.217024
75	-0.217034
76	-0.217044
77	-0.217052
78	-0.217059
79	-0.217066
80	-0.217072
81	-0.217078
82	-0.217083
83	-0.217087
84	-0.217092
85	-0.217096
86	-0.217099
87	-0.217102
88	-0.217105
89	-0.217108
90	-0.217110
91	-0.217108
92	-0.217105
93	-0.217102
94	-0.217099
95	-0.217096
96	-0.217092
97	-0.217087
98	-0.217083
99	-0.217078
100	-0.217072
101	-0.217066
102	-0.217059
103	-0.217052
104	-0.217044
105	-0.217034
106	-0.217024
107	-0.217013
108	-0.217000
109	-0.216986
110	-0.216971
111	-0.216953
112	-0.216934
113	-0.216912
114	-0.216888
115	-0.216860
116	-0.216829
117	-0.216794
118	-0.216754
119	-0.216709
120	-0.216658
121	-0.216600
122	-0.216534
123	-0.216459
124	-0.216372
125	-0.216273
126	-0.216159
127	-0.216028
128	-0.215877
129	-0.215701
130	-0.215497
131	-0.215260
132	-0.214982
133	-0.214657
134	-0.214273
135	-0.213820
136	-0.213282
137	-0.212641
138	-0.211872
139	-0.210947
140	-0.209829
141	-0.208470
142	-0.206812
143	-0.204782
144	-0.202291
145	-0.199231
146	-0.195478
147	-0.190892
148	-0.185331
149	-0.178667
150	-0.170812
151	-0.161751
152	-0.151576
153	-0.140502
154	-0.128859
155	-0.117053
156	-0.105497
157	-0.094548
158	-0.084458
159	-0.075358
160	-0.067274
161	-0.060151
162	-0.053891
163	-0.048377
164	-0.043490
165	-0.039125
166	-0.035191
167	-0.031612
168	-0.028327
169	-0.025285
170	-0.022448
171	-0.019781
172	-0.017259
173	-0.014858
174	-0.012559
175	-0.010343
176	-0.008196
177	-0.006101
178	-0.004046
179	-0.002017
180	0.000000
181	0.002017
182	0.004046
183	0.006101
184	0.008196
185	0.010343
186	0.012559
187	0.014858
188	0.017259
189	0.019781
190	0.022448
191	0.025285
192	0.028327
193	0.031612
194	0.035191
195	0.039125
196	0.043490
197	0.048377
198	0.053891
199	0.060151
200	0.067274
201	0.075358
202	0.084458
203	0.094548
204	0.105497
205	0.117053
206	0.128859
207	0.140502
208	0.151576
209	0.161751
210	0.170812
211	0.178667
212	0.185331
213	0.190892
214	0.195478
215	0.199231
216	0.202291
217	0.204782
218	0.206812
219	0.208470
220	0.209829
221	0.210947
222	0.211872
223	0.212641
224	0.213282
225	0.213820
226	0.214273
227	0.214657
228	0.214982
229	0.215260
230	0.215497
231	0.215701
232	0.215877
233	0.216028
234	0.216159
235	0.216273
236	0.216372
237	0.216459
238	0.216534
239	0.216600
240	0.216658
241	0.216709
242	0.216754
243	0.216794
244	0.216829
245	0.216860
246	0.216888
247	0.216912
248	0.216934
249	0.216953
250	0.216971
251	0.216986
252	0.217000
253	0.217013
254	0.217024
255	0.217034
256	0.217044
257	0.217052
258	0.217059
259	0.217066
260	0.217072
261	0.217078
262	0.217083
263	0.217087
264	0.217092
265	0.217096
266	0.217099
267	0.217102
268	0.217105
269	0.217108
270	0.217110
271	0.217108
272	0.217105
273	0.217102
274	0.217099
275	0.217096
276	0.217092
277	0.217087
278	0.217083
279	0.217078
280	0.217072
281	0.217066
282	0.217059
283	0.217052
284	0.217044
285	0.217034
286	0.217024
287	0.217013
288	0.217000
289	0.216986
290	0.216971
291	0.216953
292	0.216934
293	0.216912
294	0.216888
295	0.216860
296	0.216829
297	0.216794
298	0.216754
299	0.216709
300	0.216658
301	0.216600
302	0.216534
303	0.216459
304	0.216372
305	0.216273
306	0.216159
307	0.216028
308	0.215877
309	0.215701
310	0.215497
311	0.215260
312	0.214982
313	0.214657
314	0.214273
315	0.213820
316	0.213282
317	0.212641
318	0.211872
319	0.210947
320	0.209829
321	0.208470
322	0.206812
323	0.204782
324	0.202291
325	0.199231
326	0.195478
327	0.190892
328	0.185331
329	0.178667
330	0.170812
331	0.161751
332	0.151576
333	0.140502
334	0.128859
335	0.117053
336	0.105497
337	0.094548
338	0.084458
339	0.075358
340	0.067274
341	0.060151
342	0.053891
343	0.048377
344	0.043490
345	0.039125
346	0.035191
347	0.031612
348	0.028327
349	0.025285
350	0.022448
351	0.019781
352	0.017259
353	0.014858
354	0.012559
355	0.010343
356	0.008196
357	0.006101
358	0.004046
359	0.002017
360	-0.000000
One-Conductor Voltage
0	0.216658
1	0.214584
2	0.212488
3	0.210357
4	0.208177
5	0.205930
6	0.203600
7	0.201170
8	0.198618
9	0.195920
10	0.193050
11	0.189975
12	0.186655
13	0.183044
14	0.179082
15	0.174695
16	0.169792
17	0.164264
18	0.157981
19	0.150796
20	0.142555
21	0.133111
22	0.122354
23	0.110234
24	0.096794
25	0.082179
26	0.066619
27	0.050390
28	0.033756
29	0.016916
30	0.000000
31	-0.016916
32	-0.033756
33	-0.050390
34	-0.066619
35	-0.082179
36	-0.096794
37	-0.110234
38	-0.122354
39	-0.133111
40	-0.142555
41	-0.150796
42	-0.157981
43	-0.164264
44	-0.169792
45	-0.174695
46	-0.179082
47	-0.183044
48	-0.186655
49	-0.189975
50	-0.193050
51	-0.195920
52	-0.198618
53	-0.201170
54	-0.203600
55	-0.205930
56	-0.208177
57	-0.210357
58	-0.212488
59	-0.214584
60	-0.216658
61	-0.218726
62	-0.220800
63	-0.222895
64	-0.225025
65	-0.227203
66	-0.229446
67	-0.231770
68	-0.234193
69	-0.236735
70	-0.239419
71	-0.242272
72	-0.245327
73	-0.248625
74	-0.252216
75	-0.256160
76	-0.260533
77	-0.265428
78	-0.270951
79	-0.277218
80	-0.284346
81	-0.292436
82	-0.301540
83	-0.311635
84	-0.322588
85	-0.334148
86	-0.345958
87	-0.357604
88	-0.368681
89	-0.378859
90	-0.387922
91	-0.395775
92	-0.402437
93	-0.407994
94	-0.412577
95	-0.416327
96	-0.419383
97	-0.421870
98	-0.423895
99	-0.425547
100	-0.426901
101	-0.428013
102	-0.428931
103	-0.429692
104	-0.430326
105	-0.430854
106	-0.431297
107	-0.431670
108	-0.431983
109	-0.432246
110	-0.432468
111	-0.432655
112	-0.432811
113	-0.432940
114	-0.433047
115	-0.433133
116	-0.433201
117	-0.433252
118	-0.433288
119	-0.433309
120	-0.433316
121	-0.433309
122	-0.433288
123	-0.433252
124	-0.433201
125	-0.433133
126	-0.433047
127	-0.432940
128	-0.432811
129	-0.432655
130	-0.432468
131	-0.432246
132	-0.431983
133	-0.431670
134	-0.431297
135	-0.430854
136	-0.430326
137	-0.429692
138	-0.428931
139	-0.428013
140	-0.426901
141	-0.425547
142	-0.423895
143	-0.421870
144	-0.419383
145	-0.416327
146	-0.412577
147	-0.407994
148	-0.402437
149	-0.395775
150	-0.387922
151	-0.378859
152	-0.368681
153	-0.357604
154	-0.345958
155	-0.334148
156	-0.322588
157	-0.311635
158	-0.301540
159	-0.292436
160	-0.284346
161	-0.277218
162	-0.270951
163	-0.265428
164	-0.260533
165	-0.256160
166	-0.252216
167	-0.248625
168	-0.245327
169	-0.242272
170	-0.239419
171	-0.236735
172	-0.234193
173	-0.231770
174	-0.229446
175	-0.227203
176	-0.225025
177	-0.222895
178	-0.220800
179	-0.218726
180	-0.216658
181	-0.214584
182	-0.212488
183	-0.210357
184	-0.208177
185	-0.205930
186	-0.203600
187	-0.201170
188	-0.198618
189	-0.195920
190	-0.193050
191	-0.189975
192	-0.186655
193	-0.183044
194	-0.179082
195	-0.174695
196	-0.169792
197	-0.164264
198	-0.157981
199	-0.150796
200	-0.142555
201	-0.133111
202	-0.122354
203	-0.110234
204	-0.096794
205	-0.082179
206	-0.066619
207	-0.050390
208	-0.033756
209	-0.016916
210	0.000000
211	0.016916
212	0.033756
213	0.050390
214	0.066619
215	0.082179
216	0.096794
217	0.110234
218	0.122354
219	0.133111
220	0.142555
221	0.150796
222	0.157981
223	0.164264
224	0.169792
225	0.174695
226	0.179082
227	0.183044
228	0.186655
229	0.189975
230	0.193050
231	0.195920
232	0.198618
233	0.201170
234	0.203600
235	0.205930
236	0.208177
237	0.210357
238	0.212488
239	0.214584
240	0.216658
241	0.218726
242	0.220800
243	0.222895
244	0.225025
245	0.227203
246	0.229446
247	0.231770
248	0.234193
249	0.236735
250	0.239419
251	0.242272
252	0.245327
253	0.248625
254	0.252216
255	0.256160
256	0.260533
257	0.265428
258	0.270951
259	0.277218
260	0.284346
261	0.292436
262	0.301540
263	0.311635
264	0.322588
265	0.334148
266	0.345958
267	0.357604
268	0.368681
269	0.378859
270	0.387922
271	0.395775
272	0.402437
273	0.407994
274	0.412577
275	0.416327
276	0.419383
277	0.421870
278	0.423895
279	0.425547
280	0.426901
281	0.428013
282	0.428931
283	0.429692
284	0.430326
285	0.430854
286	0.431297
287	0.431670
288	0.431983
289	0.432246
290	0.432468
291	0.432655
292	0.432811
293	0.432940
294	0.433047
295	0.433133
296	0.433201
297	0.433252
298	0.433288
299	0.433309
300	0.433316
301	0.433309
302	0.433288
303	0.433252
304	0.433201
305	0.433133
306	0.433047
307	0.432940
308	0.432811
309	0.432655
310	0.432468
311	0.432246
312	0.431983
313	0.431670
314	0.431297
315	0.430854
316	0.430326
317	0.429692
318	0.428931
319	0.428013
320	0.426901
321	0.425547
322	0.423895
323	0.421870
324	0.419383
325	0.416327
326	0.412577
327	0.407994
328	0.402437
329	0.395775
330	0.387922
331	0.378859
332	0.368681
333	0.357604
334	0.345958
335	0.334148
336	0.322588
337	0.311635
338	0.301540
339	0.292436
340	0.284346
341	0.277218
342	0.270951
343	0.265428
344	0.260533
345	0.256160
346	0.252216
347	0.248625
348	0.245327
349	0.242272
350	0.239419
351	0.236735
352	0.234193
353	0.231770
354	0.229446
355	0.227203
356	0.225025
357	0.222895
358	0.220800
359	0.218726
360	0.216658
One-Turn Voltage
