Induced Coil Voltages at Rated Speed
Electric Degree
(Volts)
0	0.000000
1	0.000991
2	0.001992
3	0.003014
4	0.004068
5	0.005165
6	0.006319
7	0.007544
8	0.008855
9	0.010269
10	0.011809
11	0.013498
12	0.015365
13	0.017446
14	0.019783
15	0.022429
16	0.025447
17	0.028915
18	0.032925
19	0.037584
20	0.043008
21	0.049319
22	0.056619
23	0.064974
24	0.074377
25	0.084723
26	0.095788
27	0.107241
28	0.118691
29	0.129744
30	0.140071
31	0.149447
32	0.157767
33	0.165023
34	0.171281
35	0.176645
36	0.181232
37	0.185161
38	0.188537
39	0.191452
40	0.193981
41	0.196189
42	0.198126
43	0.199834
44	0.201346
45	0.202691
46	0.203891
47	0.204965
48	0.205928
49	0.206795
50	0.207576
51	0.208281
52	0.208919
53	0.209497
54	0.210021
55	0.210497
56	0.210929
57	0.211322
58	0.211680
59	0.212007
60	0.212304
61	0.212576
62	0.212823
63	0.213050
64	0.213257
65	0.213446
66	0.213619
67	0.213777
68	0.213922
69	0.214055
70	0.214176
71	0.214288
72	0.214390
73	0.214483
74	0.214569
75	0.214648
76	0.214720
77	0.214786
78	0.214847
79	0.214902
80	0.214954
81	0.215001
82	0.215044
83	0.215083
84	0.215120
85	0.215153
86	0.215184
87	0.215212
88	0.215237
89	0.215261
90	0.215283
91	0.215261
92	0.215237
93	0.215212
94	0.215184
95	0.215153
96	0.215120
97	0.215083
98	0.215044
99	0.215001
100	0.214954
101	0.214902
102	0.214847
103	0.214786
104	0.214720
105	0.214648
106	0.214569
107	0.214483
108	0.214390
109	0.214288
110	0.214176
111	0.214055
112	0.213922
113	0.213777
114	0.213619
115	0.213446
116	0.213257
117	0.213050
118	0.212823
119	0.212576
120	0.212304
121	0.212007
122	0.211680
123	0.211322
124	0.210929
125	0.210497
126	0.210021
127	0.209497
128	0.208919
129	0.208281
130	0.207576
131	0.206795
132	0.205928
133	0.204965
134	0.203891
135	0.202691
136	0.201346
137	0.199834
138	0.198126
139	0.196189
140	0.193981
141	0.191452
142	0.188537
143	0.185161
144	0.181232
145	0.176645
146	0.171281
147	0.165023
148	0.157767
149	0.149447
150	0.140071
151	0.129744
152	0.118691
153	0.107241
154	0.095788
155	0.084723
156	0.074377
157	0.064974
158	0.056619
159	0.049319
160	0.043008
161	0.037584
162	0.032925
163	0.028915
164	0.025447
165	0.022429
166	0.019783
167	0.017446
168	0.015365
169	0.013498
170	0.011809
171	0.010269
172	0.008855
173	0.007544
174	0.006319
175	0.005165
176	0.004068
177	0.003014
178	0.001992
179	0.000991
180	0.000000
181	-0.000991
182	-0.001992
183	-0.003014
184	-0.004068
185	-0.005165
186	-0.006319
187	-0.007544
188	-0.008855
189	-0.010269
190	-0.011809
191	-0.013498
192	-0.015365
193	-0.017446
194	-0.019783
195	-0.022429
196	-0.025447
197	-0.028915
198	-0.032925
199	-0.037584
200	-0.043008
201	-0.049319
202	-0.056619
203	-0.064974
204	-0.074377
205	-0.084723
206	-0.095788
207	-0.107241
208	-0.118691
209	-0.129744
210	-0.140071
211	-0.149447
212	-0.157767
213	-0.165023
214	-0.171281
215	-0.176645
216	-0.181232
217	-0.185161
218	-0.188537
219	-0.191452
220	-0.193981
221	-0.196189
222	-0.198126
223	-0.199834
224	-0.201346
225	-0.202691
226	-0.203891
227	-0.204965
228	-0.205928
229	-0.206795
230	-0.207576
231	-0.208281
232	-0.208919
233	-0.209497
234	-0.210021
235	-0.210497
236	-0.210929
237	-0.211322
238	-0.211680
239	-0.212007
240	-0.212304
241	-0.212576
242	-0.212823
243	-0.213050
244	-0.213257
245	-0.213446
246	-0.213619
247	-0.213777
248	-0.213922
249	-0.214055
250	-0.214176
251	-0.214288
252	-0.214390
253	-0.214483
254	-0.214569
255	-0.214648
256	-0.214720
257	-0.214786
258	-0.214847
259	-0.214902
260	-0.214954
261	-0.215001
262	-0.215044
263	-0.215083
264	-0.215120
265	-0.215153
266	-0.215184
267	-0.215212
268	-0.215237
269	-0.215261
270	-0.215283
271	-0.215261
272	-0.215237
273	-0.215212
274	-0.215184
275	-0.215153
276	-0.215120
277	-0.215083
278	-0.215044
279	-0.215001
280	-0.214954
281	-0.214902
282	-0.214847
283	-0.214786
284	-0.214720
285	-0.214648
286	-0.214569
287	-0.214483
288	-0.214390
289	-0.214288
290	-0.214176
291	-0.214055
292	-0.213922
293	-0.213777
294	-0.213619
295	-0.213446
296	-0.213257
297	-0.213050
298	-0.212823
299	-0.212576
300	-0.212304
301	-0.212007
302	-0.211680
303	-0.211322
304	-0.210929
305	-0.210497
306	-0.210021
307	-0.209497
308	-0.208919
309	-0.208281
310	-0.207576
311	-0.206795
312	-0.205928
313	-0.204965
314	-0.203891
315	-0.202691
316	-0.201346
317	-0.199834
318	-0.198126
319	-0.196189
320	-0.193981
321	-0.191452
322	-0.188537
323	-0.185161
324	-0.181232
325	-0.176645
326	-0.171281
327	-0.165023
328	-0.157767
329	-0.149447
330	-0.140071
331	-0.129744
332	-0.118691
333	-0.107241
334	-0.095788
335	-0.084723
336	-0.074377
337	-0.064974
338	-0.056619
339	-0.049319
340	-0.043008
341	-0.037584
342	-0.032925
343	-0.028915
344	-0.025447
345	-0.022429
346	-0.019783
347	-0.017446
348	-0.015365
349	-0.013498
350	-0.011809
351	-0.010269
352	-0.008855
353	-0.007544
354	-0.006319
355	-0.005165
356	-0.004068
357	-0.003014
358	-0.001992
359	-0.000991
360	-0.000000
One-Conductor Voltage
0	-0.212304
1	-0.211016
2	-0.209689
3	-0.208309
4	-0.206861
5	-0.205331
6	-0.203702
7	-0.201953
8	-0.200065
9	-0.198012
10	-0.195767
11	-0.193297
12	-0.190563
13	-0.187519
14	-0.184108
15	-0.180262
16	-0.175899
17	-0.170919
18	-0.165201
19	-0.158605
20	-0.150973
21	-0.142133
22	-0.131918
23	-0.120187
24	-0.106855
25	-0.091921
26	-0.075494
27	-0.057782
28	-0.039076
29	-0.019703
30	0.000000
31	0.019703
32	0.039076
33	0.057782
34	0.075494
35	0.091921
36	0.106855
37	0.120187
38	0.131918
39	0.142133
40	0.150973
41	0.158605
42	0.165201
43	0.170919
44	0.175899
45	0.180262
46	0.184108
47	0.187519
48	0.190563
49	0.193297
50	0.195767
51	0.198012
52	0.200065
53	0.201953
54	0.203702
55	0.205331
56	0.206861
57	0.208309
58	0.209689
59	0.211016
60	0.212304
61	0.213566
62	0.214815
63	0.216063
64	0.217324
65	0.218611
66	0.219938
67	0.221321
68	0.222777
69	0.224324
70	0.225985
71	0.227785
72	0.229755
73	0.231929
74	0.234352
75	0.237076
76	0.240167
77	0.243701
78	0.247772
79	0.252486
80	0.257962
81	0.264319
82	0.271662
83	0.280057
84	0.289497
85	0.299876
86	0.310971
87	0.322453
88	0.333929
89	0.345005
90	0.355353
91	0.364708
92	0.373004
93	0.380235
94	0.386465
95	0.391797
96	0.396352
97	0.400244
98	0.403581
99	0.406452
100	0.408935
101	0.411092
102	0.412973
103	0.414620
104	0.416066
105	0.417339
106	0.418460
107	0.419448
108	0.420318
109	0.421083
110	0.421752
111	0.422336
112	0.422841
113	0.423274
114	0.423640
115	0.423943
116	0.424186
117	0.424372
118	0.424504
119	0.424582
120	0.424608
121	0.424582
122	0.424504
123	0.424372
124	0.424186
125	0.423943
126	0.423640
127	0.423274
128	0.422841
129	0.422336
130	0.421752
131	0.421083
132	0.420318
133	0.419448
134	0.418460
135	0.417339
136	0.416066
137	0.414620
138	0.412973
139	0.411092
140	0.408935
141	0.406452
142	0.403581
143	0.400244
144	0.396352
145	0.391797
146	0.386465
147	0.380235
148	0.373004
149	0.364708
150	0.355353
151	0.345005
152	0.333929
153	0.322453
154	0.310971
155	0.299876
156	0.289497
157	0.280057
158	0.271662
159	0.264319
160	0.257962
161	0.252486
162	0.247772
163	0.243701
164	0.240167
165	0.237076
166	0.234352
167	0.231929
168	0.229755
169	0.227785
170	0.225985
171	0.224324
172	0.222777
173	0.221321
174	0.219938
175	0.218611
176	0.217324
177	0.216063
178	0.214815
179	0.213566
180	0.212304
181	0.211016
182	0.209689
183	0.208309
184	0.206861
185	0.205331
186	0.203702
187	0.201953
188	0.200065
189	0.198012
190	0.195767
191	0.193297
192	0.190563
193	0.187519
194	0.184108
195	0.180262
196	0.175899
197	0.170919
198	0.165201
199	0.158605
200	0.150973
201	0.142133
202	0.131918
203	0.120187
204	0.106855
205	0.091921
206	0.075494
207	0.057782
208	0.039076
209	0.019703
210	0.000000
211	-0.019703
212	-0.039076
213	-0.057782
214	-0.075494
215	-0.091921
216	-0.106855
217	-0.120187
218	-0.131918
219	-0.142133
220	-0.150973
221	-0.158605
222	-0.165201
223	-0.170919
224	-0.175899
225	-0.180262
226	-0.184108
227	-0.187519
228	-0.190563
229	-0.193297
230	-0.195767
231	-0.198012
232	-0.200065
233	-0.201953
234	-0.203702
235	-0.205331
236	-0.206861
237	-0.208309
238	-0.209689
239	-0.211016
240	-0.212304
241	-0.213566
242	-0.214815
243	-0.216063
244	-0.217324
245	-0.218611
246	-0.219938
247	-0.221321
248	-0.222777
249	-0.224324
250	-0.225985
251	-0.227785
252	-0.229755
253	-0.231929
254	-0.234352
255	-0.237076
256	-0.240167
257	-0.243701
258	-0.247772
259	-0.252486
260	-0.257962
261	-0.264319
262	-0.271662
263	-0.280057
264	-0.289497
265	-0.299876
266	-0.310971
267	-0.322453
268	-0.333929
269	-0.345005
270	-0.355353
271	-0.364708
272	-0.373004
273	-0.380235
274	-0.386465
275	-0.391797
276	-0.396352
277	-0.400244
278	-0.403581
279	-0.406452
280	-0.408935
281	-0.411092
282	-0.412973
283	-0.414620
284	-0.416066
285	-0.417339
286	-0.418460
287	-0.419448
288	-0.420318
289	-0.421083
290	-0.421752
291	-0.422336
292	-0.422841
293	-0.423274
294	-0.423640
295	-0.423943
296	-0.424186
297	-0.424372
298	-0.424504
299	-0.424582
300	-0.424608
301	-0.424582
302	-0.424504
303	-0.424372
304	-0.424186
305	-0.423943
306	-0.423640
307	-0.423274
308	-0.422841
309	-0.422336
310	-0.421752
311	-0.421083
312	-0.420318
313	-0.419448
314	-0.418460
315	-0.417339
316	-0.416066
317	-0.414620
318	-0.412973
319	-0.411092
320	-0.408935
321	-0.406452
322	-0.403581
323	-0.400244
324	-0.396352
325	-0.391797
326	-0.386465
327	-0.380235
328	-0.373004
329	-0.364708
330	-0.355353
331	-0.345005
332	-0.333929
333	-0.322453
334	-0.310971
335	-0.299876
336	-0.289497
337	-0.280057
338	-0.271662
339	-0.264319
340	-0.257962
341	-0.252486
342	-0.247772
343	-0.243701
344	-0.240167
345	-0.237076
346	-0.234352
347	-0.231929
348	-0.229755
349	-0.227785
350	-0.225985
351	-0.224324
352	-0.222777
353	-0.221321
354	-0.219938
355	-0.218611
356	-0.217324
357	-0.216063
358	-0.214815
359	-0.213566
360	-0.212304
One-Turn Voltage
