Induced Winding Voltages at Rated Speed
Electric Degree
(Volts)
0	0.000000
1	0.591095
2	1.172274
3	1.733466
4	2.264812
5	2.757642
6	3.205643
7	3.605618
8	3.957547
9	4.263991
10	4.529188
11	4.758164
12	4.956034
13	5.127568
14	5.276983
15	5.407873
16	5.523241
17	5.625569
18	5.716899
19	5.798916
20	5.873013
21	5.940359
22	6.001938
23	6.058591
24	6.111047
25	6.159943
26	6.205845
27	6.249263
28	6.290664
29	6.330482
30	6.369125
31	6.406986
32	6.444450
33	6.481900
34	6.519726
35	6.558332
36	6.598148
37	6.639635
38	6.683304
39	6.729726
40	6.779558
41	6.833563
42	6.892640
43	6.957870
44	7.030559
45	7.112293
46	7.205006
47	7.311033
48	7.433156
49	7.574587
50	7.738863
51	7.929576
52	8.149872
53	8.401707
54	8.684908
55	8.996281
56	9.329131
57	9.673585
58	10.017856
59	10.350155
60	10.660605
61	10.941250
62	11.190130
63	11.407052
64	11.593943
65	11.753924
66	11.890551
67	12.007326
68	12.107419
69	12.193566
70	12.268052
71	12.332751
72	12.389190
73	12.438602
74	12.481989
75	12.520166
76	12.553800
77	12.583440
78	12.609540
79	12.632478
80	12.652572
81	12.670085
82	12.685242
83	12.698227
84	12.709195
85	12.718275
86	12.725570
87	12.731163
88	12.735114
89	12.737467
90	12.738249
91	12.737467
92	12.735114
93	12.731163
94	12.725570
95	12.718275
96	12.709195
97	12.698227
98	12.685242
99	12.670085
100	12.652572
101	12.632478
102	12.609540
103	12.583440
104	12.553800
105	12.520166
106	12.481989
107	12.438602
108	12.389190
109	12.332751
110	12.268052
111	12.193566
112	12.107419
113	12.007326
114	11.890551
115	11.753924
116	11.593943
117	11.407052
118	11.190130
119	10.941250
120	10.660605
121	10.350155
122	10.017856
123	9.673585
124	9.329131
125	8.996281
126	8.684908
127	8.401707
128	8.149872
129	7.929576
130	7.738863
131	7.574587
132	7.433156
133	7.311033
134	7.205006
135	7.112293
136	7.030559
137	6.957870
138	6.892640
139	6.833563
140	6.779558
141	6.729726
142	6.683304
143	6.639635
144	6.598148
145	6.558332
146	6.519726
147	6.481900
148	6.444450
149	6.406986
150	6.369125
151	6.330482
152	6.290664
153	6.249263
154	6.205845
155	6.159943
156	6.111047
157	6.058591
158	6.001938
159	5.940359
160	5.873013
161	5.798916
162	5.716899
163	5.625569
164	5.523241
165	5.407873
166	5.276983
167	5.127568
168	4.956034
169	4.758164
170	4.529188
171	4.263991
172	3.957547
173	3.605618
174	3.205643
175	2.757642
176	2.264812
177	1.733466
178	1.172274
179	0.591095
180	0.000000
181	-0.591095
182	-1.172274
183	-1.733466
184	-2.264812
185	-2.757642
186	-3.205643
187	-3.605618
188	-3.957547
189	-4.263991
190	-4.529188
191	-4.758164
192	-4.956034
193	-5.127568
194	-5.276983
195	-5.407873
196	-5.523241
197	-5.625569
198	-5.716899
199	-5.798916
200	-5.873013
201	-5.940359
202	-6.001938
203	-6.058591
204	-6.111047
205	-6.159943
206	-6.205845
207	-6.249263
208	-6.290664
209	-6.330482
210	-6.369125
211	-6.406986
212	-6.444450
213	-6.481900
214	-6.519726
215	-6.558332
216	-6.598148
217	-6.639635
218	-6.683304
219	-6.729726
220	-6.779558
221	-6.833563
222	-6.892640
223	-6.957870
224	-7.030559
225	-7.112293
226	-7.205006
227	-7.311033
228	-7.433156
229	-7.574587
230	-7.738863
231	-7.929576
232	-8.149872
233	-8.401707
234	-8.684908
235	-8.996281
236	-9.329131
237	-9.673585
238	-10.017856
239	-10.350155
240	-10.660605
241	-10.941250
242	-11.190130
243	-11.407052
244	-11.593943
245	-11.753924
246	-11.890551
247	-12.007326
248	-12.107419
249	-12.193566
250	-12.268052
251	-12.332751
252	-12.389190
253	-12.438602
254	-12.481989
255	-12.520166
256	-12.553800
257	-12.583440
258	-12.609540
259	-12.632478
260	-12.652572
261	-12.670085
262	-12.685242
263	-12.698227
264	-12.709195
265	-12.718275
266	-12.725570
267	-12.731163
268	-12.735114
269	-12.737467
270	-12.738249
271	-12.737467
272	-12.735114
273	-12.731163
274	-12.725570
275	-12.718275
276	-12.709195
277	-12.698227
278	-12.685242
279	-12.670085
280	-12.652572
281	-12.632478
282	-12.609540
283	-12.583440
284	-12.553800
285	-12.520166
286	-12.481989
287	-12.438602
288	-12.389190
289	-12.332751
290	-12.268052
291	-12.193566
292	-12.107419
293	-12.007326
294	-11.890551
295	-11.753924
296	-11.593943
297	-11.407052
298	-11.190130
299	-10.941250
300	-10.660605
301	-10.350155
302	-10.017856
303	-9.673585
304	-9.329131
305	-8.996281
306	-8.684908
307	-8.401707
308	-8.149872
309	-7.929576
310	-7.738863
311	-7.574587
312	-7.433156
313	-7.311033
314	-7.205006
315	-7.112293
316	-7.030559
317	-6.957870
318	-6.892640
319	-6.833563
320	-6.779558
321	-6.729726
322	-6.683304
323	-6.639635
324	-6.598148
325	-6.558332
326	-6.519726
327	-6.481900
328	-6.444450
329	-6.406986
330	-6.369125
331	-6.330482
332	-6.290664
333	-6.249263
334	-6.205845
335	-6.159943
336	-6.111047
337	-6.058591
338	-6.001938
339	-5.940359
340	-5.873013
341	-5.798916
342	-5.716899
343	-5.625569
344	-5.523241
345	-5.407873
346	-5.276983
347	-5.127568
348	-4.956034
349	-4.758164
350	-4.529188
351	-4.263991
352	-3.957547
353	-3.605618
354	-3.205643
355	-2.757642
356	-2.264812
357	-1.733466
358	-1.172274
359	-0.591095
360	0.000000
Phase Voltage ea
0	10.660605
1	11.532345
2	12.362405
3	13.140518
4	13.858755
5	14.511566
6	15.096193
7	15.612944
8	16.064967
9	16.457557
10	16.797240
11	17.090916
12	17.345223
13	17.566170
14	17.758972
15	17.928039
16	18.077041
17	18.209009
18	18.326439
19	18.431394
20	18.525585
21	18.610445
22	18.687180
23	18.756818
24	18.820242
25	18.878218
26	18.931415
27	18.980426
28	19.025778
29	19.067949
30	19.107374
31	19.144453
32	19.179563
33	19.213062
34	19.245296
35	19.276608
36	19.307343
37	19.337862
38	19.368545
39	19.399812
40	19.432130
41	19.466041
42	19.502180
43	19.541310
44	19.584359
45	19.632459
46	19.686994
47	19.749635
48	19.822346
49	19.907338
50	20.006915
51	20.123142
52	20.257291
53	20.409033
54	20.575459
55	20.750205
56	20.923074
57	21.080637
58	21.207986
59	21.291405
60	21.321210
61	21.291405
62	21.207986
63	21.080637
64	20.923074
65	20.750205
66	20.575459
67	20.409033
68	20.257291
69	20.123142
70	20.006915
71	19.907338
72	19.822346
73	19.749635
74	19.686994
75	19.632459
76	19.584359
77	19.541310
78	19.502180
79	19.466041
80	19.432130
81	19.399812
82	19.368545
83	19.337862
84	19.307343
85	19.276608
86	19.245296
87	19.213062
88	19.179563
89	19.144453
90	19.107374
91	19.067949
92	19.025778
93	18.980426
94	18.931415
95	18.878218
96	18.820242
97	18.756818
98	18.687180
99	18.610445
100	18.525585
101	18.431394
102	18.326439
103	18.209009
104	18.077041
105	17.928039
106	17.758972
107	17.566170
108	17.345223
109	17.090916
110	16.797240
111	16.457557
112	16.064967
113	15.612944
114	15.096193
115	14.511566
116	13.858755
117	13.140518
118	12.362405
119	11.532345
120	10.660605
121	9.759060
122	8.845581
123	7.940119
124	7.064320
125	6.238639
126	5.479266
127	4.796089
128	4.192325
129	3.665585
130	3.209675
131	2.816423
132	2.477122
133	2.183465
134	1.928022
135	1.704420
136	1.507318
137	1.332301
138	1.175741
139	1.034647
140	0.906545
141	0.789367
142	0.681366
143	0.581044
144	0.487101
145	0.398390
146	0.313881
147	0.232637
148	0.153785
149	0.076504
150	0.000000
151	-0.076504
152	-0.153785
153	-0.232637
154	-0.313881
155	-0.398390
156	-0.487101
157	-0.581044
158	-0.681366
159	-0.789367
160	-0.906545
161	-1.034647
162	-1.175741
163	-1.332301
164	-1.507318
165	-1.704420
166	-1.928022
167	-2.183465
168	-2.477122
169	-2.816423
170	-3.209675
171	-3.665585
172	-4.192325
173	-4.796089
174	-5.479266
175	-6.238639
176	-7.064320
177	-7.940119
178	-8.845581
179	-9.759060
180	-10.660605
181	-11.532345
182	-12.362405
183	-13.140518
184	-13.858755
185	-14.511566
186	-15.096193
187	-15.612944
188	-16.064967
189	-16.457557
190	-16.797240
191	-17.090916
192	-17.345223
193	-17.566170
194	-17.758972
195	-17.928039
196	-18.077041
197	-18.209009
198	-18.326439
199	-18.431394
200	-18.525585
201	-18.610445
202	-18.687180
203	-18.756818
204	-18.820242
205	-18.878218
206	-18.931415
207	-18.980426
208	-19.025778
209	-19.067949
210	-19.107374
211	-19.144453
212	-19.179563
213	-19.213062
214	-19.245296
215	-19.276608
216	-19.307343
217	-19.337862
218	-19.368545
219	-19.399812
220	-19.432130
221	-19.466041
222	-19.502180
223	-19.541310
224	-19.584359
225	-19.632459
226	-19.686994
227	-19.749635
228	-19.822346
229	-19.907338
230	-20.006915
231	-20.123142
232	-20.257291
233	-20.409033
234	-20.575459
235	-20.750205
236	-20.923074
237	-21.080637
238	-21.207986
239	-21.291405
240	-21.321210
241	-21.291405
242	-21.207986
243	-21.080637
244	-20.923074
245	-20.750205
246	-20.575459
247	-20.409033
248	-20.257291
249	-20.123142
250	-20.006915
251	-19.907338
252	-19.822346
253	-19.749635
254	-19.686994
255	-19.632459
256	-19.584359
257	-19.541310
258	-19.502180
259	-19.466041
260	-19.432130
261	-19.399812
262	-19.368545
263	-19.337862
264	-19.307343
265	-19.276608
266	-19.245296
267	-19.213062
268	-19.179563
269	-19.144453
270	-19.107374
271	-19.067949
272	-19.025778
273	-18.980426
274	-18.931415
275	-18.878218
276	-18.820242
277	-18.756818
278	-18.687180
279	-18.610445
280	-18.525585
281	-18.431394
282	-18.326439
283	-18.209009
284	-18.077041
285	-17.928039
286	-17.758972
287	-17.566170
288	-17.345223
289	-17.090916
290	-16.797240
291	-16.457557
292	-16.064967
293	-15.612944
294	-15.096193
295	-14.511566
296	-13.858755
297	-13.140518
298	-12.362405
299	-11.532345
300	-10.660605
301	-9.759060
302	-8.845581
303	-7.940119
304	-7.064320
305	-6.238639
306	-5.479266
307	-4.796089
308	-4.192325
309	-3.665585
310	-3.209675
311	-2.816423
312	-2.477122
313	-2.183465
314	-1.928022
315	-1.704420
316	-1.507318
317	-1.332301
318	-1.175741
319	-1.034647
320	-0.906545
321	-0.789367
322	-0.681366
323	-0.581044
324	-0.487101
325	-0.398390
326	-0.313881
327	-0.232637
328	-0.153785
329	-0.076504
330	0.000000
331	0.076504
332	0.153785
333	0.232637
334	0.313881
335	0.398390
336	0.487101
337	0.581044
338	0.681366
339	0.789367
340	0.906545
341	1.034647
342	1.175741
343	1.332301
344	1.507318
345	1.704420
346	1.928022
347	2.183465
348	2.477122
349	2.816423
350	3.209675
351	3.665585
352	4.192325
353	4.796089
354	5.479266
355	6.238639
356	7.064320
357	7.940119
358	8.845581
359	9.759060
360	10.660605
Line Voltage eab
